25
Add
Circuit_1
3
2
00001
00110
01011
01110
10011
10100
11010
11111
Find
Circuit_2
3
2
00001
00110
01011
01110
10011
10100
11010
11111
Add
Circuit_3
4
3
0000000
0001110
0010101
0011111
0100010
0101100
0110010
0111101
1000110
1001000
1010010
1011110
1100011
1101001
1110100
1111100
Add
Circuit_4
4
3
0000001
0001110
0010101
0011111
0100010
0101100
0110010
0111101
1000110
1001000
1010010
1011110
1100011
1101001
1110100
1111100
Add
Circuit_5
3
2
00010
00101
01011
01101
10011
10100
11001
11111
Delete
Circuit_6
3
2
00001
00110
01011
01110
10011
10100
11010
11111
Add
Circuit_7
2
1
001
010
101
110
Find
Circuit_8
2
1
001
100
011
110
Add
Circuit_9
4
3
0000000
0001110
0010101
0011111
0100010
0101100
0110111
0111101
1000110
1001101
1010010
1011110
1100011
1101001
1110100
1111100
Add
Circuit_10
3
2
00001
00110
01011
01110
10010
10100
11011
11111
Find
Circuit_11
3
2
00001
00110
01011
01110
10010
10100
11011
11111
Delete
Circuit_12
2
1
001
100
011
110
Add
Circuit_13
3
3
000010
001101
010000
011110
100010
101001
110011
111000
Delete
Circuit_14
2
1
001
100
011
110
Find
Circuit_15
3
3
000001
001110
010000
011101
100001
101010
110011
111000
Add
Circuit_16
1
2
011
101
Add
Circuit_17
1
2
011
110
Find
Circuit_18
1
2
011
101
Add
Circuit_19
2
4
001011
011100
100000
110101
Add
Circuit_20
2
4
001011
011101
100000
110101
Delete
Circuit_21
2
4
001011
011101
100000
110101
Find
Circuit_22
2
4
001011
011101
100000
110101
Add
Circuit_23
2
2
0010
0111
1000
1101
Add
Circuit_24
2
2
0001
1011
0100
1110
Delete
Circuit_25
2
2
0001
1011
0100
1110
